             o  ,    o  ,                                    MUENCHENSTEIN                             Astronomical Applications Dept.
Location: E007 30, N47 30                          Rise and Set for the Sun for 2013                   U. S. Naval Observatory        
                                                                                                       Washington, DC  20392-5420     
                                                      Zone:  1h East of Greenwich                                                     
                                                                                                                                      
                                                                                                                                      
       Jan.       Feb.       Mar.       Apr.       May        June       July       Aug.       Sept.      Oct.       Nov.       Dec.  
Day Rise  Set  Rise  Set  Rise  Set  Rise  Set  Rise  Set  Rise  Set  Rise  Set  Rise  Set  Rise  Set  Rise  Set  Rise  Set  Rise  Set
     h m  h m   h m  h m   h m  h m   h m  h m   h m  h m   h m  h m   h m  h m   h m  h m   h m  h m   h m  h m   h m  h m   h m  h m
01  0818 1650  0756 1732  0710 1815  0609 1900  0513 1942  0437 2019  0437 2031  0508 2004  0549 1910  0629 1809  0714 1713  0757 1641
02  0818 1651  0755 1733  0708 1816  0607 1901  0512 1943  0436 2020  0437 2030  0509 2003  0550 1908  0630 1807  0715 1711  0758 1641
03  0818 1652  0754 1735  0707 1818  0605 1903  0510 1945  0436 2021  0438 2030  0510 2001  0551 1906  0632 1805  0717 1710  0759 1640
04  0818 1653  0752 1736  0705 1819  0603 1904  0508 1946  0435 2022  0439 2030  0512 2000  0553 1904  0633 1803  0718 1708  0800 1640
05  0817 1654  0751 1738  0703 1821  0601 1905  0507 1947  0435 2023  0440 2029  0513 1958  0554 1902  0635 1801  0720 1707  0802 1640
06  0817 1655  0749 1739  0701 1822  0559 1907  0505 1949  0434 2024  0440 2029  0514 1957  0555 1900  0636 1759  0721 1705  0803 1639
07  0817 1656  0748 1741  0659 1824  0557 1908  0504 1950  0434 2024  0441 2028  0516 1955  0557 1858  0637 1757  0723 1704  0804 1639
08  0817 1657  0746 1743  0657 1825  0555 1910  0502 1951  0433 2025  0442 2028  0517 1954  0558 1856  0639 1756  0724 1703  0805 1639
09  0816 1658  0745 1744  0655 1827  0553 1911  0501 1953  0433 2026  0443 2027  0518 1952  0559 1854  0640 1754  0726 1701  0806 1639
10  0816 1700  0743 1746  0653 1828  0551 1912  0500 1954  0433 2026  0444 2027  0519 1950  0601 1852  0642 1752  0727 1700  0807 1639
11  0815 1701  0742 1747  0651 1830  0549 1914  0458 1955  0433 2027  0444 2026  0521 1949  0602 1850  0643 1750  0729 1659  0808 1639
12  0815 1702  0740 1749  0649 1831  0547 1915  0457 1957  0432 2028  0445 2025  0522 1947  0603 1848  0644 1748  0730 1657  0809 1639
13  0814 1704  0739 1750  0647 1833  0545 1917  0456 1958  0432 2028  0446 2025  0523 1945  0605 1846  0646 1746  0732 1656  0809 1639
14  0814 1705  0737 1752  0645 1834  0543 1918  0454 1959  0432 2029  0447 2024  0525 1944  0606 1844  0647 1744  0733 1655  0810 1639
15  0813 1706  0735 1754  0643 1836  0541 1919  0453 2000  0432 2029  0448 2023  0526 1942  0607 1842  0649 1742  0735 1654  0811 1639
16  0812 1708  0734 1755  0641 1837  0540 1921  0452 2002  0432 2029  0449 2022  0527 1940  0609 1840  0650 1740  0736 1653  0812 1640
17  0812 1709  0732 1757  0639 1838  0538 1922  0451 2003  0432 2030  0450 2021  0529 1938  0610 1838  0652 1738  0738 1652  0812 1640
18  0811 1710  0730 1758  0637 1840  0536 1924  0449 2004  0432 2030  0451 2020  0530 1937  0611 1836  0653 1737  0739 1651  0813 1640
19  0810 1712  0729 1800  0635 1841  0534 1925  0448 2005  0432 2030  0452 2020  0531 1935  0613 1834  0655 1735  0741 1650  0814 1641
20  0809 1713  0727 1801  0633 1843  0532 1927  0447 2007  0433 2031  0454 2019  0533 1933  0614 1832  0656 1733  0742 1649  0814 1641
21  0808 1715  0725 1803  0631 1844  0530 1928  0446 2008  0433 2031  0455 2017  0534 1931  0615 1830  0657 1731  0744 1648  0815 1641
22  0807 1716  0723 1804  0629 1846  0529 1929  0445 2009  0433 2031  0456 2016  0535 1929  0617 1828  0659 1729  0745 1647  0815 1642
23  0807 1718  0721 1806  0627 1847  0527 1931  0444 2010  0433 2031  0457 2015  0537 1928  0618 1826  0700 1728  0746 1646  0816 1642
24  0806 1719  0720 1807  0625 1848  0525 1932  0443 2011  0434 2031  0458 2014  0538 1926  0619 1824  0702 1726  0748 1645  0816 1643
25  0804 1721  0718 1809  0623 1850  0523 1934  0442 2012  0434 2031  0459 2013  0539 1924  0621 1822  0703 1724  0749 1645  0817 1644
26  0803 1722  0716 1810  0621 1851  0522 1935  0441 2013  0434 2031  0500 2012  0541 1922  0622 1820  0705 1722  0750 1644  0817 1644
27  0802 1724  0714 1812  0619 1853  0520 1936  0441 2014  0435 2031  0502 2011  0542 1920  0623 1817  0706 1721  0752 1643  0817 1645
28  0801 1725  0712 1813  0617 1854  0518 1938  0440 2015  0435 2031  0503 2009  0543 1918  0625 1815  0708 1719  0753 1643  0817 1646
29  0800 1727             0615 1856  0516 1939  0439 2016  0436 2031  0504 2008  0545 1916  0626 1813  0709 1717  0754 1642  0818 1647
30  0759 1728             0613 1857  0515 1940  0438 2017  0436 2031  0505 2007  0546 1914  0628 1811  0711 1716  0756 1642  0818 1648
31  0758 1730             0611 1858             0438 2018             0507 2005  0547 1912             0712 1714             0818 1649

Back to form <javascript:history.go(-1)>

