             o  ,    o  ,                                    MUENCHENSTEIN                             Astronomical Applications Dept.
Location: E007 37, N47 31                          Rise and Set for the Sun for 2014                   U. S. Naval Observatory        
                                                                                                       Washington, DC  20392-5420     
                                                      Zone:  1h East of Greenwich                                                     
                                                                                                                                      
                                                                                                                                      
       Jan.       Feb.       Mar.       Apr.       May        June       July       Aug.       Sept.      Oct.       Nov.       Dec.  
Day Rise  Set  Rise  Set  Rise  Set  Rise  Set  Rise  Set  Rise  Set  Rise  Set  Rise  Set  Rise  Set  Rise  Set  Rise  Set  Rise  Set
     h m  h m   h m  h m   h m  h m   h m  h m   h m  h m   h m  h m   h m  h m   h m  h m   h m  h m   h m  h m   h m  h m   h m  h m
01  0817 1649  0756 1731  0710 1814  0609 1859  0513 1941  0436 2019  0436 2030  0507 2004  0548 1910  0628 1809  0713 1713  0756 1641
02  0817 1650  0755 1732  0708 1816  0607 1900  0511 1942  0436 2020  0437 2030  0508 2002  0549 1908  0630 1807  0715 1711  0757 1640
03  0817 1651  0753 1734  0707 1817  0605 1902  0510 1944  0435 2021  0437 2030  0510 2001  0551 1906  0631 1805  0716 1709  0759 1640
04  0817 1652  0752 1735  0705 1819  0603 1903  0508 1945  0435 2021  0438 2029  0511 2000  0552 1904  0632 1803  0718 1708  0800 1639
05  0817 1653  0751 1737  0703 1820  0601 1905  0507 1947  0434 2022  0439 2029  0512 1958  0553 1902  0634 1801  0719 1707  0801 1639
06  0817 1654  0749 1738  0701 1822  0559 1906  0505 1948  0434 2023  0440 2029  0513 1957  0555 1900  0635 1759  0721 1705  0802 1639
07  0817 1655  0748 1740  0659 1823  0557 1907  0504 1949  0433 2024  0440 2028  0515 1955  0556 1858  0637 1757  0722 1704  0803 1639
08  0816 1656  0746 1742  0657 1825  0555 1909  0502 1951  0433 2024  0441 2028  0516 1954  0557 1856  0638 1755  0724 1702  0804 1638
09  0816 1658  0745 1743  0655 1826  0553 1910  0501 1952  0433 2025  0442 2027  0517 1952  0559 1854  0639 1754  0725 1701  0805 1638
10  0815 1659  0743 1745  0653 1827  0551 1912  0459 1953  0432 2026  0443 2027  0519 1950  0600 1852  0641 1752  0727 1700  0806 1638
11  0815 1700  0742 1746  0651 1829  0549 1913  0458 1955  0432 2026  0444 2026  0520 1949  0601 1850  0642 1750  0728 1658  0807 1638
12  0815 1701  0740 1748  0649 1830  0547 1914  0457 1956  0432 2027  0445 2025  0521 1947  0603 1848  0644 1748  0730 1657  0808 1638
13  0814 1703  0739 1750  0647 1832  0545 1916  0455 1957  0432 2028  0446 2024  0523 1945  0604 1846  0645 1746  0731 1656  0809 1638
14  0813 1704  0737 1751  0645 1833  0543 1917  0454 1958  0432 2028  0446 2024  0524 1944  0605 1844  0646 1744  0733 1655  0810 1638
15  0813 1705  0735 1753  0643 1835  0541 1919  0453 2000  0432 2029  0447 2023  0525 1942  0607 1842  0648 1742  0734 1654  0810 1639
16  0812 1707  0734 1754  0641 1836  0540 1920  0452 2001  0432 2029  0448 2022  0527 1940  0608 1840  0649 1740  0736 1653  0811 1639
17  0811 1708  0732 1756  0639 1838  0538 1921  0450 2002  0432 2029  0450 2021  0528 1938  0609 1838  0651 1738  0737 1651  0812 1639
18  0811 1710  0730 1757  0637 1839  0536 1923  0449 2003  0432 2030  0451 2020  0529 1937  0611 1836  0652 1736  0738 1650  0813 1639
19  0810 1711  0729 1759  0635 1840  0534 1924  0448 2005  0432 2030  0452 2019  0531 1935  0612 1834  0654 1735  0740 1649  0813 1640
20  0809 1712  0727 1800  0633 1842  0532 1926  0447 2006  0432 2030  0453 2018  0532 1933  0613 1832  0655 1733  0741 1648  0814 1640
21  0808 1714  0725 1802  0631 1843  0530 1927  0446 2007  0432 2030  0454 2017  0533 1931  0615 1830  0657 1731  0743 1648  0814 1641
22  0807 1715  0723 1803  0629 1845  0528 1929  0445 2008  0432 2031  0455 2016  0535 1929  0616 1828  0658 1729  0744 1647  0815 1641
23  0806 1717  0721 1805  0627 1846  0527 1930  0444 2009  0433 2031  0456 2015  0536 1928  0617 1826  0700 1727  0746 1646  0815 1642
24  0805 1718  0720 1807  0625 1848  0525 1931  0443 2010  0433 2031  0457 2014  0537 1926  0619 1824  0701 1726  0747 1645  0816 1642
25  0804 1720  0718 1808  0623 1849  0523 1933  0442 2012  0433 2031  0458 2013  0539 1924  0620 1822  0703 1724  0748 1644  0816 1643
26  0803 1721  0716 1810  0621 1850  0521 1934  0441 2013  0434 2031  0500 2012  0540 1922  0621 1820  0704 1722  0750 1644  0816 1644
27  0802 1723  0714 1811  0619 1852  0520 1936  0440 2014  0434 2031  0501 2010  0541 1920  0623 1818  0706 1721  0751 1643  0817 1644
28  0801 1724  0712 1813  0617 1853  0518 1937  0439 2015  0435 2031  0502 2009  0543 1918  0624 1815  0707 1719  0752 1642  0817 1645
29  0800 1726             0615 1855  0516 1938  0439 2016  0435 2031  0503 2008  0544 1916  0625 1813  0709 1717  0754 1642  0817 1646
30  0759 1728             0613 1856  0515 1940  0438 2017  0436 2031  0505 2007  0545 1914  0627 1811  0710 1716  0755 1641  0817 1647
31  0757 1729             0611 1858             0437 2018             0506 2005  0547 1912             0712 1714             0817 1648

Back to form <javascript:history.go(-1)>

