             o  ,    o  ,                                    MUENCHENSTEIN                             Astronomical Applications Dept.
Location: E007 30, N47 30                          Rise and Set for the Sun for 2012                   U. S. Naval Observatory        
                                                                                                       Washington, DC  20392-5420     
                                                      Zone:  1h East of Greenwich                                                     
                                                                                                                                      
                                                                                                                                      
       Jan.       Feb.       Mar.       Apr.       May        June       July       Aug.       Sept.      Oct.       Nov.       Dec.  
Day Rise  Set  Rise  Set  Rise  Set  Rise  Set  Rise  Set  Rise  Set  Rise  Set  Rise  Set  Rise  Set  Rise  Set  Rise  Set  Rise  Set
     h m  h m   h m  h m   h m  h m   h m  h m   h m  h m   h m  h m   h m  h m   h m  h m   h m  h m   h m  h m   h m  h m   h m  h m
01  0818 1649  0757 1730  0710 1815  0608 1900  0513 1942  0437 2020  0437 2031  0508 2004  0549 1910  0629 1809  0714 1712  0757 1641
02  0818 1650  0756 1732  0708 1817  0606 1902  0511 1944  0436 2020  0438 2030  0509 2002  0550 1908  0631 1807  0716 1711  0758 1641
03  0818 1651  0755 1734  0706 1818  0604 1903  0510 1945  0436 2021  0438 2030  0511 2001  0552 1906  0632 1805  0717 1709  0800 1640
04  0818 1652  0753 1735  0704 1820  0602 1904  0508 1946  0435 2022  0439 2030  0512 1959  0553 1904  0633 1803  0719 1708  0801 1640
05  0818 1653  0752 1737  0702 1821  0600 1906  0507 1948  0435 2023  0440 2029  0513 1958  0554 1902  0635 1801  0720 1706  0802 1640
06  0817 1654  0750 1738  0700 1823  0558 1907  0505 1949  0434 2024  0440 2029  0515 1956  0556 1900  0636 1759  0722 1705  0803 1639
07  0817 1655  0749 1740  0658 1824  0556 1909  0504 1950  0434 2024  0441 2028  0516 1955  0557 1858  0638 1757  0723 1704  0804 1639
08  0817 1656  0748 1741  0656 1826  0554 1910  0502 1952  0433 2025  0442 2028  0517 1953  0558 1856  0639 1755  0725 1702  0805 1639
09  0816 1658  0746 1743  0654 1827  0552 1911  0501 1953  0433 2026  0443 2027  0518 1952  0600 1854  0640 1753  0726 1701  0806 1639
10  0816 1659  0745 1745  0653 1829  0551 1913  0459 1954  0433 2026  0444 2027  0520 1950  0601 1852  0642 1751  0728 1700  0807 1639
11  0816 1700  0743 1746  0651 1830  0549 1914  0458 1956  0433 2027  0445 2026  0521 1948  0602 1850  0643 1749  0729 1658  0808 1639
12  0815 1701  0741 1748  0649 1832  0547 1916  0457 1957  0432 2028  0446 2025  0522 1947  0604 1848  0645 1747  0731 1657  0809 1639
13  0815 1703  0740 1749  0647 1833  0545 1917  0455 1958  0432 2028  0447 2025  0524 1945  0605 1846  0646 1745  0732 1656  0810 1639
14  0814 1704  0738 1751  0645 1834  0543 1918  0454 2000  0432 2029  0448 2024  0525 1943  0606 1844  0648 1744  0734 1655  0810 1639
15  0814 1705  0737 1752  0643 1836  0541 1920  0453 2001  0432 2029  0449 2023  0526 1942  0608 1842  0649 1742  0735 1654  0811 1639
16  0813 1707  0735 1754  0641 1837  0539 1921  0452 2002  0432 2030  0450 2022  0528 1940  0609 1840  0651 1740  0737 1653  0812 1640
17  0812 1708  0733 1755  0639 1839  0537 1923  0450 2003  0432 2030  0451 2021  0529 1938  0610 1837  0652 1738  0738 1651  0813 1640
18  0811 1709  0732 1757  0637 1840  0535 1924  0449 2004  0432 2030  0452 2020  0530 1936  0612 1835  0653 1736  0740 1650  0813 1640
19  0811 1711  0730 1759  0634 1842  0534 1925  0448 2006  0432 2031  0453 2019  0532 1934  0613 1833  0655 1734  0741 1649  0814 1641
20  0810 1712  0728 1800  0632 1843  0532 1927  0447 2007  0433 2031  0454 2018  0533 1933  0614 1831  0656 1732  0743 1649  0815 1641
21  0809 1714  0726 1802  0630 1845  0530 1928  0446 2008  0433 2031  0455 2017  0534 1931  0616 1829  0658 1731  0744 1648  0815 1642
22  0808 1715  0725 1803  0628 1846  0528 1930  0445 2009  0433 2031  0456 2016  0536 1929  0617 1827  0659 1729  0745 1647  0816 1642
23  0807 1717  0723 1805  0626 1847  0526 1931  0444 2010  0433 2031  0457 2015  0537 1927  0618 1825  0701 1727  0747 1646  0816 1643
24  0806 1718  0721 1806  0624 1849  0525 1932  0443 2011  0434 2031  0458 2014  0538 1925  0620 1823  0702 1725  0748 1645  0816 1643
25  0805 1720  0719 1808  0622 1850  0523 1934  0442 2013  0434 2031  0500 2013  0540 1923  0621 1821  0704 1724  0749 1644  0817 1644
26  0804 1721  0717 1809  0620 1852  0521 1935  0441 2014  0434 2031  0501 2012  0541 1921  0622 1819  0705 1722  0751 1644  0817 1645
27  0803 1723  0716 1811  0618 1853  0519 1937  0440 2015  0435 2031  0502 2010  0542 1919  0624 1817  0707 1720  0752 1643  0817 1645
28  0802 1724  0714 1812  0616 1854  0518 1938  0440 2016  0435 2031  0503 2009  0544 1918  0625 1815  0708 1719  0753 1642  0817 1646
29  0801 1726  0712 1814  0614 1856  0516 1939  0439 2017  0436 2031  0504 2008  0545 1916  0627 1813  0710 1717  0755 1642  0818 1647
30  0800 1727             0612 1857  0514 1941  0438 2018  0436 2031  0506 2006  0546 1914  0628 1811  0711 1715  0756 1641  0818 1648
31  0758 1729             0610 1859             0437 2019             0507 2005  0548 1912             0713 1714             0818 1649

Back to form <javascript:history.go(-1)>

